VVC_00001_TE_2096x1400_8bit_sRGB_006.png	0.054746456	0.87812537	0.872785211	22.51201755	35.62793627	36.67111711	0.166557252	0.943072915	0.423041224	0.795844972	24.346742	18.45641696	None	0.705348	0.705348	178.034183	178.034183
VVC_00001_TE_2096x1400_8bit_sRGB_012.png	0.127412759	0.939007819	0.936475754	24.82123128	37.2298595	37.43787812	0.259503335	0.971206188	0.3131181	0.904198587	45.467087	21.78377857	None	0.757228	0.757228	357.621474	357.621474
VVC_00001_TE_2096x1400_8bit_sRGB_025.png	0.252791712	0.969789445	0.968539	27.55745844	38.46315565	38.22844833	0.362383515	0.98615396	0.227347568	0.954102993	64.134018	25.41476638	None	0.834427	0.834427	543.837417	543.837417
VVC_00001_TE_2096x1400_8bit_sRGB_050.png	0.500725191	0.987174511	0.986669779	31.38871691	39.89863649	39.72118136	0.494113505	0.994618535	0.149238616	0.981048763	80.309256	30.04442193	None	0.993748	0.993748	759.439009	759.439009
VVC_00001_TE_2096x1400_8bit_sRGB_075.png	0.790986914	0.99331969	0.993083298	34.72043812	40.72376009	41.02117904	0.598984182	0.997546434	0.105441459	0.990499377	88.16705	33.7874133	None	1.122077	1.122077	983.559801	983.559801
VVC_00002_TE_2144x1424_8bit_sRGB_006.png	0.058464699	0.873600066	0.868035972	27.49389696	39.51940464	41.09399706	0.19947508	0.966649354	0.319485903	0.816537499	58.067653	24.07356784	None	0.715325	0.715325	213.564924	213.564924
VVC_00002_TE_2144x1424_8bit_sRGB_012.png	0.126226312	0.920779884	0.918220878	29.55551572	40.38206	41.6673687	0.273488909	0.983329117	0.255879849	0.89209646	69.788126	26.71901895	None	0.793397	0.793397	374.670683	374.670683
VVC_00002_TE_2144x1424_8bit_sRGB_025.png	0.247442562	0.953767478	0.952726126	31.86947601	41.21762662	42.74757155	0.361890107	0.992377996	0.197259828	0.942132771	81.118727	29.62660138	None	0.960623	0.960623	558.028335	558.028335
VVC_00002_TE_2144x1424_8bit_sRGB_050.png	0.511364351	0.978435338	0.978083968	35.08007561	41.91763263	43.25305978	0.486355752	0.997188866	0.136613935	0.976394594	90.567954	33.65194924	None	1.152424	1.152424	881.638102	881.638102
VVC_00002_TE_2144x1424_8bit_sRGB_075.png	0.76739896	0.986326516	0.986151338	37.14250558	42.79553587	43.85166552	0.565460801	0.998467565	0.108378083	0.986530542	93.617216	36.16745219	None	1.246291	1.246291	1157.930341	1157.930341
VVC_00003_TE_1944x1296_8bit_sRGB_006.png	0.062090383	0.945134103	0.943881929	28.89471813	37.51145825	33.62675243	0.339259356	0.970593095	0.247364447	0.889634013	52.78447	24.28077239	None	0.636641	0.636641	164.643374	164.643374
VVC_00003_TE_1944x1296_8bit_sRGB_012.png	0.119979805	0.967901826	0.967425883	31.7980643	39.29623945	36.30189297	0.44135353	0.986960053	0.182876065	0.938561976	71.122847	27.77250712	None	0.734154	0.734154	305.155401	305.155401
VVC_00003_TE_1944x1296_8bit_sRGB_025.png	0.251924249	0.985972047	0.985825062	35.49231235	41.69290454	39.25385834	0.571486294	0.995858848	0.121372826	0.975582182	85.688108	32.32994138	None	0.856497	0.856497	524.674802	524.674802
VVC_00003_TE_1944x1296_8bit_sRGB_050.png	0.514647793	0.994292438	0.994243324	39.38820016	43.86356021	41.99940133	0.695623755	0.99872309	0.078481302	0.991363168	92.921201	37.29369222	None	0.965701	0.965701	745.47671	745.47671
VVC_00003_TE_1944x1296_8bit_sRGB_075.png	0.749053752	0.996437669	0.996408939	41.40261521	45.34428845	43.90628435	0.753547728	0.999300063	0.062579982	0.995004535	94.557121	39.86639017	None	1.040824	1.040824	888.494636	888.494636
VVC_00004_TE_1808x1352_8bit_sRGB_006.png	0.056955935	0.898554683	0.895653963	23.97441095	33.42487346	36.42858427	0.260985821	0.953742146	0.381335109	0.868182421	38.919877	20.51292146	None	0.679893	0.679893	164.949158	164.949158
VVC_00004_TE_1808x1352_8bit_sRGB_012.png	0.127326936	0.946911275	0.945787966	26.65610505	35.11580839	38.26908102	0.367731243	0.978835464	0.278058976	0.933254302	60.238477	24.09555662	None	0.775261	0.775261	390.528466	390.528466
VVC_00004_TE_1808x1352_8bit_sRGB_025.png	0.250837828	0.970772505	0.970311701	29.3434261	37.00257244	39.83581424	0.464101493	0.989774108	0.206502259	0.964002669	74.159349	27.27080413	None	0.902994	0.902994	577.257281	577.257281
VVC_00004_TE_1808x1352_8bit_sRGB_050.png	0.506358983	0.987421393	0.987264574	33.11003041	39.46388422	42.19120698	0.587256908	0.996339321	0.136263222	0.985262871	86.123998	31.4782385	None	1.13148	1.13148	836.746285	836.746285
VVC_00004_TE_1808x1352_8bit_sRGB_075.png	0.810588705	0.993662	0.993602812	36.25873184	41.26814857	43.97386847	0.681038916	0.998365641	0.09620931	0.993065119	91.509687	34.95840246	None	1.293597	1.293597	1002.531054	1002.531054
VVC_00005_TE_1336x872_8bit_sRGB_006.png	0.060285393	0.985134065	0.983967125	30.99878143	36.2072307	36.42093621	0.460127801	0.975185096	0.154292583	0.967531979	70.685992	27.61733575	None	0.355741	0.355741	85.139743	85.139743
VVC_00005_TE_1336x872_8bit_sRGB_012.png	0.118757897	0.993017972	0.992615223	35.22473577	39.71307644	39.90598901	0.580188692	0.990171254	0.100708216	0.987674177	84.127109	32.71159483	None	0.39142	0.39142	133.95914	133.95914
VVC_00005_TE_1336x872_8bit_sRGB_025.png	0.270676537	0.996206105	0.996055782	40.9843498	44.40878722	44.13207281	0.716493547	0.996505916	0.063892446	0.995418906	93.258217	39.06032408	None	0.456906	0.456906	207.044812	207.044812
VVC_00005_TE_1336x872_8bit_sRGB_050.png	0.52636928	0.997062564	0.997006059	45.06072698	48.1635999	47.69294335	0.804358125	0.998317897	0.04954727	0.997340381	95.931762	43.24105703	None	0.496705	0.496705	266.563313	266.563313
VVC_00005_TE_1336x872_8bit_sRGB_075.png	0.760321101	0.997490704	0.997459769	46.73411151	50.25330358	49.75375641	0.841810346	0.998976409	0.043561801	0.998138368	96.613996	45.01162778	None	0.543996	0.543996	345.927174	345.927174
VVC_00006_TE_1544x1120_8bit_sRGB_006.png	0.064017395	0.931562781	0.928233802	24.79150419	34.53602717	38.95253172	0.230231836	0.950588405	0.326152474	0.860467255	44.97486	21.19127186	None	0.45671	0.45671	128.510796	128.510796
VVC_00006_TE_1544x1120_8bit_sRGB_012.png	0.114220947	0.959129035	0.957230985	26.56403384	35.60074794	40.15254942	0.30030185	0.970835388	0.260977358	0.91931653	58.493469	23.63156463	None	0.491635	0.491635	199.996599	199.996599
VVC_00006_TE_1544x1120_8bit_sRGB_025.png	0.255093449	0.983123481	0.982456386	29.97074459	37.68352643	42.33127197	0.425497085	0.987868965	0.174297705	0.968545437	76.478357	28.06680069	None	0.513807	0.513807	310.721584	310.721584
VVC_00006_TE_1544x1120_8bit_sRGB_050.png	0.490391377	0.993097484	0.992873073	33.88434107	40.1172697	44.39006062	0.554160714	0.995305777	0.112736456	0.987770379	87.201294	32.74405774	None	0.598071	0.598071	415.199912	415.199912
VVC_00006_TE_1544x1120_8bit_sRGB_075.png	0.752803479	0.996448278	0.99633038	37.23864152	42.22046039	45.95493484	0.654179156	0.997794807	0.079473466	0.994162738	91.859646	36.45579471	None	0.660013	0.660013	478.814968	478.814968
VVC_00007_TE_1472x976_8bit_sRGB_006.png	0.061592347	0.964733183	0.962387204	30.40658867	41.68424043	42.93947951	0.463997602	0.979268432	0.205550715	0.962993145	65.422455	26.53376711	None	0.404424	0.404424	96.602911	96.602911
VVC_00007_TE_1472x976_8bit_sRGB_012.png	0.122839451	0.981158316	0.980505228	33.59148279	43.95127553	45.11350302	0.568384886	0.991533697	0.146976918	0.981653214	80.690478	30.42291226	None	0.448111	0.448111	186.389348	186.389348
VVC_00007_TE_1472x976_8bit_sRGB_025.png	0.250233874	0.989161015	0.989007175	36.3600505	46.37694727	47.21119788	0.657595336	0.997117579	0.107968651	0.990543485	90.350667	34.11157319	None	0.555638	0.555638	331.278912	331.278912
VVC_00007_TE_1472x976_8bit_sRGB_050.png	0.484191242	0.993674576	0.993624091	38.73677007	48.11189062	48.73170301	0.729532182	0.998805344	0.081229649	0.994910181	94.437497	37.7052536	None	0.647667	0.647667	517.393321	517.393321
VVC_00007_TE_1472x976_8bit_sRGB_075.png	0.782369253	0.99604553	0.99602139	40.78019053	49.08702912	49.68683392	0.784822166	0.999327242	0.064352237	0.996909976	95.717307	40.36005429	None	0.700502	0.700502	668.680692	668.680692
VVC_00008_TE_1912x1272_8bit_sRGB_006.png	0.05549854	0.884532928	0.880250931	27.26560929	38.88724348	48.43560976	0.183372572	0.96646142	0.312195599	0.81485182	49.471114	24.43604766	None	0.564836	0.564836	178.860772	178.860772
VVC_00008_TE_1912x1272_8bit_sRGB_012.png	0.114171338	0.9271698	0.924883962	28.67182186	40.48057381	49.43534499	0.252663612	0.980662704	0.258987069	0.887628853	62.103952	26.41100046	None	0.617632	0.617632	290.50025	290.50025
VVC_00008_TE_1912x1272_8bit_sRGB_025.png	0.261736533	0.965214372	0.964211822	31.09662939	42.51463806	50.32154835	0.364043415	0.990932524	0.19064115	0.948076665	76.203386	29.75541565	None	0.709669	0.709669	468.231162	468.231162
VVC_00008_TE_1912x1272_8bit_sRGB_050.png	0.50837478	0.9847489	0.984295428	34.12362125	44.32486377	50.79606927	0.488300025	0.995644748	0.133768052	0.977307975	85.735225	33.55051448	None	0.765679	0.765679	598.363872	598.363872
VVC_00008_TE_1912x1272_8bit_sRGB_075.png	0.754878161	0.991915703	0.991687953	36.68685904	45.45637236	51.14510109	0.584182918	0.997599781	0.100110792	0.987962008	90.234239	36.45491308	None	0.823149	0.823149	676.883397	676.883397
VVC_00009_TE_1976x1312_8bit_sRGB_006.png	0.064694011	0.811851323	0.804370701	19.30084726	29.23623774	30.95725326	0.186171532	0.940544844	0.516019046	0.79910022	33.823091	16.29608351	None	0.671731	0.671731	206.919171	206.919171
VVC_00009_TE_1976x1312_8bit_sRGB_012.png	0.122278315	0.868956923	0.86473757	20.70234807	29.99755827	31.9998525	0.241672724	0.962907434	0.435352802	0.865595639	44.914977	18.37219473	None	0.722263	0.722263	363.62917	363.62917
VVC_00009_TE_1976x1312_8bit_sRGB_025.png	0.240039005	0.921514332	0.918887436	22.74378591	30.83792906	33.02498124	0.308480829	0.97673285	0.348970801	0.921219885	56.867837	20.93645277	None	0.850507	0.850507	572.479078	572.479078
VVC_00009_TE_1976x1312_8bit_sRGB_050.png	0.539686605	0.964967132	0.96405232	26.68891789	32.37333892	34.89636964	0.428305984	0.989819586	0.231489778	0.966997564	74.274679	25.28824532	None	1.024251	1.024251	857.442321	857.442321
VVC_00009_TE_1976x1312_8bit_sRGB_075.png	0.786421818	0.978250027	0.977754533	29.17580829	33.36157793	36.07500983	0.502594709	0.99400878	0.179573596	0.97983402	82.080574	27.91705227	None	1.156974	1.156974	1025.384257	1025.384257
VVC_00010_TE_1744x1160_8bit_sRGB_006.png	0.065552831	0.867316544	0.864494801	23.0847059	33.72581273	29.79781022	0.226553977	0.952076375	0.439497262	0.823927939	30.801578	18.10314142	None	0.598646	0.598646	133.391405	133.391405
VVC_00010_TE_1744x1160_8bit_sRGB_012.png	0.121800854	0.921932578	0.920746803	25.20592067	35.12718393	31.70008301	0.307486475	0.975668669	0.341516256	0.898973703	48.374626	20.82096519	None	0.660487	0.660487	273.142642	273.142642
VVC_00010_TE_1744x1160_8bit_sRGB_025.png	0.246634767	0.961321592	0.960932672	27.99495562	37.12578529	34.24153368	0.416412264	0.990581453	0.244451627	0.951576948	68.146581	24.51206358	None	0.777528	0.777528	522.748223	522.748223
VVC_00010_TE_1744x1160_8bit_sRGB_050.png	0.545147896	0.984793603	0.984694541	31.81006374	39.57659657	37.40466034	0.555203497	0.997367382	0.157053933	0.981911242	84.801838	29.46666073	None	0.996247	0.996247	856.888344	856.888344
VVC_00010_TE_1744x1160_8bit_sRGB_075.png	0.786448118	0.990882218	0.990834057	33.92441023	40.73376664	38.93336304	0.624069452	0.998631716	0.123106509	0.989456058	89.610979	32.14103643	None	1.094608	1.094608	1023.137876	1023.137876
VVC_00011_TE_1512x2016_8bit_sRGB_006.png	0.065722894	0.880206168	0.87743777	28.55477759	41.86148021	40.70428018	0.233839065	0.984681904	0.288731009	0.839651942	70.570509	25.33071147	None	0.724183	0.724183	261.945227	261.945227
VVC_00011_TE_1512x2016_8bit_sRGB_012.png	0.13047997	0.91665107	0.915018499	29.84018842	42.8622635	42.06338588	0.287692636	0.990541637	0.246899441	0.896990836	78.041949	27.18670367	None	0.70767	0.70767	428.792332	428.792332
VVC_00011_TE_1512x2016_8bit_sRGB_025.png	0.235688566	0.944220662	0.943339348	31.22971052	43.64251287	43.23284017	0.348122925	0.99420917	0.206811175	0.938078284	84.270966	29.2448439	None	0.937499	0.937499	648.128992	648.128992
VVC_00011_TE_1512x2016_8bit_sRGB_050.png	0.494651256	0.969921649	0.969585717	33.42722039	44.45034181	44.2666438	0.444202632	0.997074068	0.156855896	0.970904708	90.232082	32.38429615	None	1.078614	1.078614	974.731187	974.731187
VVC_00011_TE_1512x2016_8bit_sRGB_075.png	0.712726757	0.97947073	0.979251206	34.85108647	44.92343077	44.6522026	0.505158603	0.997921348	0.132855207	0.980557203	92.066138	34.20537796	None	1.16371	1.16371	1145.746517	1145.746517
VVC_00012_TE_1920x1280_8bit_sRGB_006.png	0.062314453	0.882110059	0.87918967	27.00857369	33.45921911	34.29763099	0.272190183	0.95891577	0.34594667	0.825884759	28.3429	21.95551025	None	0.673421	0.673421	170.044147	170.044147
VVC_00012_TE_1920x1280_8bit_sRGB_012.png	0.123079427	0.937954962	0.936730981	29.40834644	35.53698536	35.95930068	0.379651576	0.979523122	0.258495241	0.909518421	49.720686	24.83270931	None	0.731732	0.731732	339.009751	339.009751
VVC_00012_TE_1920x1280_8bit_sRGB_025.png	0.254534505	0.973216832	0.972824872	32.67149523	38.24437998	38.63848058	0.514196098	0.992394984	0.175440326	0.961381733	71.091504	28.71021104	None	0.849424	0.849424	607.022013	607.022013
VVC_00012_TE_1920x1280_8bit_sRGB_050.png	0.532770182	0.990514517	0.990411937	36.78563862	41.70220065	42.38466487	0.662670434	0.997822464	0.107917756	0.986661375	86.612399	33.64400703	None	0.996212	0.996212	943.477235	943.477235
VVC_00012_TE_1920x1280_8bit_sRGB_075.png	0.819690755	0.995230496	0.995188236	39.61770342	44.19113063	44.94319756	0.74842447	0.999100804	0.077832542	0.993506968	91.787488	37.03732099	None	1.035023	1.035023	1167.067361	1167.067361
VVC_00013_TE_3680x2456_8bit_sRGB_006.png	0.061282927	0.944557667	0.941860437	29.91269374	40.21021627	41.86045382	0.264093429	0.990213931	0.232865989	0.894249737	56.643205	26.21996794	None	1.744968	1.744968	551.702271	551.702271
VVC_00013_TE_3680x2456_8bit_sRGB_012.png	0.116379585	0.962490439	0.961141348	32.19068247	41.55254916	43.11956585	0.343957663	0.995546937	0.184935167	0.932998359	71.277437	28.99192083	None	2.1676	2.1676	888.515664	888.515664
VVC_00013_TE_3680x2456_8bit_sRGB_025.png	0.267193032	0.981485069	0.981069446	35.83774842	44.22876145	45.43542654	0.478517741	0.998705685	0.125687435	0.971463978	86.312515	33.40675061	None	2.323677	2.323677	1645.861053	1645.861053
VVC_00013_TE_3680x2456_8bit_sRGB_050.png	0.49199653	0.990893006	0.990735948	39.07190887	46.22784036	47.05222425	0.597939312	0.999552131	0.088054888	0.988213241	92.511872	37.44972464	None	2.574343	2.574343	3117.762063	3117.762063
VVC_00013_TE_3680x2456_8bit_sRGB_075.png	0.771701069	0.994927764	0.994856417	41.71536208	47.8918912	48.42137548	0.692000031	0.99980551	0.065940298	0.99436909	94.911413	40.79715469	None	3.019308	3.019308	3187.321512	3187.321512
VVC_00014_TE_3680x2456_8bit_sRGB_006.png	0.061833487	0.949472368	0.94612211	29.62507163	39.98758577	41.38197716	0.314612806	0.989059448	0.226404324	0.907856584	62.527412	25.91233514	None	1.828499	1.828499	566.995525	566.995525
VVC_00014_TE_3680x2456_8bit_sRGB_012.png	0.125568262	0.974541187	0.973162591	32.67152897	41.97396091	43.42038361	0.425514162	0.995625436	0.162696943	0.956261218	77.639927	29.60968029	None	2.044862	2.044862	985.914484	985.914484
VVC_00014_TE_3680x2456_8bit_sRGB_025.png	0.265864431	0.988965571	0.988503754	36.61162574	44.47265955	45.95804518	0.559636533	0.998686552	0.107097894	0.983312547	89.352785	34.39126693	None	2.484946	2.484946	2495.216672	2495.216672
VVC_00014_TE_3680x2456_8bit_sRGB_050.png	0.507597189	0.994686961	0.994532883	40.63151641	46.8687435	48.27653167	0.682678282	0.999617934	0.071719237	0.993576169	94.501478	39.17325569	None	2.945405	2.945405	2314.249514	2314.249514
VVC_00014_TE_3680x2456_8bit_sRGB_075.png	0.821024819	0.99662447	0.99655813	43.66364724	48.97278458	50.07555676	0.770589411	0.999849498	0.054092992	0.99688518	96.198983	42.73238583	None	3.29363	3.29363	4126.227417	4126.227417
VVC_00015_TE_1744x2000_8bit_sRGB_006.png	0.061582569	0.945282161	0.944360614	33.63264262	35.33164022	36.55625283	0.274887264	0.993087947	0.197129235	0.911613703	68.941336	30.40527885	None	0.799964	0.799964	305.765808	305.765808
VVC_00015_TE_1744x2000_8bit_sRGB_012.png	0.112422018	0.959514797	0.959021986	34.69808502	35.75802213	36.65008877	0.325082272	0.996083796	0.169943199	0.9413836	77.717159	31.98556194	None	0.912694	0.912694	563.508376	563.508376
VVC_00015_TE_1744x2000_8bit_sRGB_025.png	0.225736239	0.971428573	0.971164107	35.91211389	36.21026982	36.93184624	0.384351313	0.997890532	0.143707618	0.963632226	84.592293	33.83732693	None	1.002138	1.002138	967.042425	967.042425
VVC_00015_TE_1744x2000_8bit_sRGB_050.png	0.497807339	0.980344236	0.980202675	37.2973059	37.21412989	37.68436452	0.451278448	0.998842299	0.120089464	0.977885604	89.160395	35.85982154	None	1.173274	1.173274	2354.467174	2354.467174
VVC_00015_TE_1744x2000_8bit_sRGB_075.png	0.651341743	0.982924759	0.982812524	37.8400188	37.71278694	38.0858144	0.477697223	0.999053657	0.112198316	0.98149997	90.397299	36.60814034	None	1.21049	1.21049	1691.879972	1691.879972
VVC_00016_TE_1192x832_8bit_sRGB_006.png	0.063242127	0.909099519	0.906698883	23.59612301	32.14525898	35.52597228	0.273354441	0.924185336	0.364155054	0.87164861	40.315444	19.53325773	None	0.325999	0.325999	74.611462	74.611462
VVC_00016_TE_1192x832_8bit_sRGB_012.png	0.121386164	0.954070449	0.952981889	26.18261327	33.44022951	36.77144581	0.367880076	0.958003104	0.267527521	0.9373312	57.461597	22.82987476	None	0.359913	0.359913	131.867857	131.867857
VVC_00016_TE_1192x832_8bit_sRGB_025.png	0.245523038	0.981122732	0.980723858	29.7601239	35.14761066	38.78420841	0.489221543	0.980266809	0.17788893	0.97554636	74.635051	27.20792974	None	0.390892	0.390892	209.947051	209.947051
VVC_00016_TE_1192x832_8bit_sRGB_050.png	0.516649458	0.992715597	0.992616475	34.29165346	37.93574622	41.43501281	0.624222934	0.992600977	0.108334221	0.991320193	87.610198	32.42696418	None	0.502072	0.502072	311.136181	311.136181
VVC_00016_TE_1192x832_8bit_sRGB_075.png	0.809579892	0.995675743	0.995635688	37.32371946	40.12878243	43.10178443	0.705520809	0.996385753	0.079407781	0.99533093	91.934165	35.76956733	None	0.559521	0.559521	352.668584	352.668584
VVC_00017_TE_1280x848_8bit_sRGB_006.png	0.053758844	0.861800253	0.858859956	22.83391809	32.01526905	33.33919304	0.208160102	0.900112569	0.419140697	0.795903623	33.882612	19.29097524	None	0.339218	0.339218	73.323185	73.323185
VVC_00017_TE_1280x848_8bit_sRGB_012.png	0.118676297	0.915357888	0.914118171	24.77396329	33.33532579	35.21194266	0.283975154	0.941384017	0.331532151	0.882023275	51.149553	21.9784251	None	0.378409	0.378409	139.320937	139.320937
VVC_00017_TE_1280x848_8bit_sRGB_025.png	0.244693396	0.953615487	0.953059733	27.17769883	34.95463288	37.11832919	0.37434262	0.968764246	0.251654208	0.938161433	67.058184	25.12500735	None	0.422231	0.422231	225.570122	225.570122
VVC_00017_TE_1280x848_8bit_sRGB_050.png	0.524005012	0.980792522	0.980593324	30.89151228	37.00244574	39.42007682	0.501938999	0.987522781	0.168053374	0.97542417	82.225161	29.58177153	None	0.492903	0.492903	337.381878	337.381878
VVC_00017_TE_1280x848_8bit_sRGB_075.png	0.767342276	0.98886025	0.988754332	33.3750136	38.29067636	40.78288773	0.57866466	0.992826104	0.128625005	0.986131608	87.907111	32.35330323	None	0.539443	0.539443	385.755165	385.755165
VVC_00018_TE_3032x1856_8bit_sRGB_006.png	0.058768254	0.870879114	0.8678931	22.88661302	30.9978593	32.69196499	0.240313396	0.969714284	0.445313603	0.847464323	36.027777	18.58136981	None	1.436504	1.436504	386.03897	386.03897
VVC_00018_TE_3032x1856_8bit_sRGB_012.png	0.118715028	0.927530229	0.926284194	25.09065432	33.02970378	34.35150878	0.322261065	0.985535979	0.34111473	0.915961623	52.412585	21.41060584	None	1.601446	1.601446	765.27876	765.27876
VVC_00018_TE_3032x1856_8bit_sRGB_025.png	0.250705122	0.965333521	0.964906573	27.91078778	35.6113776	36.60650999	0.426110625	0.994550109	0.242351949	0.961372793	70.890975	25.18608275	None	1.923963	1.923963	2320.842692	2320.842692
VVC_00018_TE_3032x1856_8bit_sRGB_050.png	0.492390081	0.982919753	0.982789397	30.67541843	38.12093351	39.17170609	0.524187207	0.998197019	0.172631368	0.981864035	84.405276	29.10446207	None	2.400359	2.400359	2346.979812	2346.979812
VVC_00018_TE_3032x1856_8bit_sRGB_075.png	0.72693141	0.9885934	0.988529623	32.29355019	39.54429596	40.45508335	0.579546869	0.999081254	0.141475439	0.988247275	89.318212	31.51973269	None	2.676281	2.676281	3784.518696	3784.518696
VVC_00019_TE_1920x1080_8bit_sRGB_006.png	0.05695216	0.903008699	0.900713563	25.46995818	34.28581426	34.3048891	0.295120984	0.942040861	0.354162335	0.85652101	39.62011	20.06678222	None	0.568086	0.568086	107.268923	107.268923
VVC_00019_TE_1920x1080_8bit_sRGB_012.png	0.129560185	0.957267523	0.956635177	29.1899927	36.82168658	37.44067987	0.429453969	0.976319909	0.234685645	0.938283086	63.00535	24.34297063	None	0.651841	0.651841	259.731969	259.731969
VVC_00019_TE_1920x1080_8bit_sRGB_025.png	0.268811728	0.982527018	0.982360542	33.10932707	39.68435256	40.4495343	0.569392264	0.991724253	0.150041044	0.975534022	81.0365	28.96214669	None	0.719509	0.719509	481.999975	481.999975
VVC_00019_TE_1920x1080_8bit_sRGB_050.png	0.524915123	0.993127882	0.993084133	37.21190002	42.66943805	43.45225456	0.700882852	0.997316241	0.093873926	0.990943611	90.817935	33.87570506	None	0.863116	0.863116	744.092688	744.092688
VVC_00019_TE_1920x1080_8bit_sRGB_075.png	0.795891204	0.996394515	0.996377409	40.04028315	44.78185649	45.49709106	0.77972585	0.998834133	0.067844562	0.995533586	93.940015	37.31771226	None	0.949614	0.949614	903.846055	903.846055
VVC_00020_TE_3680x2456_8bit_sRGB_006.png	0.064481837	0.868182778	0.863821447	26.88540334	36.92323794	43.91407714	0.201617599	0.987019479	0.345696062	0.819888175	41.668465	22.46976388	None	1.981944	1.981944	583.977672	583.977672
VVC_00020_TE_3680x2456_8bit_sRGB_012.png	0.128391871	0.92010802	0.918216288	28.96107668	38.3876587	44.86539637	0.289026827	0.994359136	0.270238459	0.897595227	59.016598	25.17303951	None	2.286747	2.286747	1108.562266	1108.562266
VVC_00020_TE_3680x2456_8bit_sRGB_025.png	0.239022447	0.954093993	0.953308046	31.2349744	40.08003298	45.70502519	0.386657357	0.997564971	0.206398383	0.945523679	73.955367	28.16118662	None	1.636059	1.636059	1645.707604	1645.707604
VVC_00020_TE_3680x2456_8bit_sRGB_050.png	0.546601933	0.982135057	0.981934428	34.99183344	43.02596864	47.18924431	0.540264428	0.999320328	0.131825626	0.981272221	88.090959	33.14270262	None	3.44275	3.44275	3933.769387	3933.769387
VVC_00020_TE_3680x2456_8bit_sRGB_075.png	0.792839187	0.989348888	0.989248216	37.02241145	44.55098827	47.98131617	0.61668241	0.999652505	0.103477456	0.989464879	91.757869	35.81641899	None	3.977684	3.977684	4490.950781	4490.950781
VVC_00021_TE_2192x1520_8bit_sRGB_006.png	0.065991164	0.849667728	0.847608924	24.28153934	35.56724772	38.11009578	0.236503944	0.970814824	0.418691516	0.805825055	35.462883	20.11853156	None	0.898689	0.898689	237.311706	237.311706
VVC_00021_TE_2192x1520_8bit_sRGB_012.png	0.114961103	0.901551843	0.900408268	25.67852111	37.02298633	39.19181806	0.298654824	0.983226597	0.347690612	0.876972318	48.931373	22.06205159	None	0.963178	0.963178	430.467426	430.467426
VVC_00021_TE_2192x1520_8bit_sRGB_025.png	0.272017864	0.958166122	0.957794666	28.56957763	39.58911493	41.27337124	0.417330742	0.993776023	0.241197303	0.949942172	69.878693	25.96386077	None	1.084754	1.084754	812.954577	812.954577
VVC_00021_TE_2192x1520_8bit_sRGB_050.png	0.491670668	0.979754388	0.979604125	31.25243509	41.65003586	43.01836574	0.513622999	0.997405887	0.174836218	0.97615087	81.931687	29.37214583	None	1.239649	1.239649	1976.959317	1976.959317
VVC_00021_TE_2192x1520_8bit_sRGB_075.png	0.812639262	0.990318716	0.990259886	34.1102318	43.54485278	44.74887836	0.607141674	0.998900414	0.125064	0.988772333	89.002093	32.92630289	None	1.417201	1.417201	1393.375091	1393.375091
VVC_00022_TE_1248x832_8bit_sRGB_006.png	0.064117973	0.918774247	0.917271316	25.65028674	33.53272707	36.41702121	0.302518934	0.933889925	0.31432119	0.902291775	52.749716	22.28716289	None	0.344324	0.344324	77.666679	77.666679
VVC_00022_TE_1248x832_8bit_sRGB_012.png	0.121255547	0.95173955	0.951097488	28.11266052	35.24639094	38.20069954	0.389633298	0.960781515	0.241850078	0.94375515	65.960311	25.15246727	None	0.362279	0.362279	133.778516	133.778516
VVC_00022_TE_1248x832_8bit_sRGB_025.png	0.273660934	0.977609694	0.97742337	31.97297132	38.07085861	40.81575066	0.522327006	0.983653843	0.161889508	0.975423157	81.940725	29.54911962	None	0.420881	0.420881	246.110952	246.110952
VVC_00022_TE_1248x832_8bit_sRGB_050.png	0.503089559	0.988834441	0.988773048	35.42853349	40.53673228	43.07911099	0.632639647	0.993195057	0.112475753	0.988640547	90.166219	33.40744221	None	0.499752	0.499752	369.603781	369.603781
VVC_00022_TE_1248x832_8bit_sRGB_075.png	0.779154339	0.993829191	0.993805766	38.23458827	42.52848512	44.8599903	0.715967774	0.996958077	0.082869075	0.994211197	93.899415	36.6374257	None	0.536299	0.536299	448.013245	448.013245
VVC_00023_TE_2464x1640_8bit_sRGB_006.png	0.057936728	0.917829394	0.916852474	29.02882502	41.30071403	41.56381069	0.26874423	0.982353628	0.281120777	0.865435481	50.369195	24.97597804	None	0.8688	0.8688	269.247692	269.247692
VVC_00023_TE_2464x1640_8bit_sRGB_012.png	0.113002851	0.947054207	0.946607113	30.7639713	42.7743044	43.08756292	0.343044937	0.991064668	0.226532981	0.920413911	66.640919	27.39003541	None	1.084673	1.084673	524.494724	524.494724
VVC_00023_TE_2464x1640_8bit_sRGB_025.png	0.257319053	0.972308517	0.972148597	33.35746598	44.71164843	45.24331158	0.449695379	0.996375978	0.165533721	0.963588893	81.466809	31.00041749	None	1.327648	1.327648	949.353098	949.353098
VVC_00023_TE_2464x1640_8bit_sRGB_050.png	0.548717137	0.986819088	0.986767173	36.48265666	46.05224311	46.89923859	0.569356799	0.998669803	0.114456974	0.985116005	90.14511	35.16547249	None	1.595448	1.595448	2288.549775	2288.549775
VVC_00023_TE_2464x1640_8bit_sRGB_075.png	0.723372664	0.990421176	0.990388989	37.87931904	46.56318542	47.50980233	0.620791018	0.999118626	0.097478278	0.989854157	92.142257	36.92151055	None	1.726652	1.726652	1656.327175	1656.327175
VVC_00024_TE_1536x1024_8bit_sRGB_006.png	0.054005941	0.862040699	0.858288825	21.46788188	30.1409768	32.00783925	0.181903228	0.922432482	0.455082327	0.799019039	32.608319	17.75915905	None	0.453438	0.453438	113.696226	113.696226
VVC_00024_TE_1536x1024_8bit_sRGB_012.png	0.121877035	0.9197855	0.918254197	23.39388263	31.41554833	32.73294247	0.257407188	0.958413839	0.353473425	0.890180349	49.731141	20.58667665	None	0.436523	0.436523	231.888481	231.888481
VVC_00024_TE_1536x1024_8bit_sRGB_025.png	0.260843913	0.959960759	0.959259212	25.89821455	33.03679979	33.55935272	0.353330731	0.979385614	0.261862189	0.947527349	66.176843	23.992853	None	0.550452	0.550452	387.363801	387.363801
VVC_00024_TE_1536x1024_8bit_sRGB_050.png	0.494522095	0.981516004	0.981187105	28.85567582	34.71443253	34.47320554	0.456621498	0.990591586	0.186249897	0.976593912	79.267281	27.65935581	None	0.62842	0.62842	524.616607	524.616607
VVC_00024_TE_1536x1024_8bit_sRGB_075.png	0.750483195	0.989813566	0.98965466	31.31858544	36.19645197	36.68694201	0.535556197	0.994919777	0.141622648	0.987373829	85.837341	30.46999507	None	0.712393	0.712393	622.642379	622.642379
VVC_00025_TE_1984x1320_8bit_sRGB_006.png	0.057832356	0.923925817	0.921683252	27.72179359	36.08643514	36.21322899	0.278160751	0.966449976	0.289025962	0.854240239	45.685222	23.36164463	None	0.599601	0.599601	163.193903	163.193903
VVC_00025_TE_1984x1320_8bit_sRGB_012.png	0.125149682	0.957178414	0.956127346	30.5475185	38.18259544	38.70112847	0.376198173	0.985283911	0.215371013	0.922938168	66.489998	26.87439391	None	0.695162	0.695162	315.77607	315.77607
VVC_00025_TE_1984x1320_8bit_sRGB_025.png	0.246749756	0.976581752	0.976213515	33.56593361	40.7268379	41.15033931	0.481701106	0.993996084	0.156604871	0.961992562	81.550901	30.67129471	None	0.834881	0.834881	502.47517	502.47517
VVC_00025_TE_1984x1320_8bit_sRGB_050.png	0.513734115	0.989346087	0.989238024	37.36183943	43.45299984	43.88080079	0.608289361	0.998163581	0.103899874	0.98537612	91.15338	35.46775186	None	1.112868	1.112868	742.933482	742.933482
VVC_00025_TE_1984x1320_8bit_sRGB_075.png	0.812133431	0.99366504	0.993618786	40.01108053	45.23217356	45.70074704	0.691802502	0.999179065	0.078398071	0.992498159	94.114348	38.7047589	None	1.110839	1.110839	916.857581	916.857581
VVC_00026_TE_1784x1296_8bit_sRGB_006.png	0.060102143	0.906478703	0.903026819	27.59921046	37.32353004	38.74372186	0.340720057	0.96796906	0.306701958	0.877546489	57.143667	23.087168	None	0.63082	0.63082	137.717367	137.717367
VVC_00026_TE_1784x1296_8bit_sRGB_012.png	0.120294248	0.955179274	0.954055071	30.40360937	38.92101237	40.42023442	0.451565564	0.986524045	0.218123198	0.942174911	72.219042	26.49906573	None	0.704779	0.704779	262.155586	262.155586
VVC_00026_TE_1784x1296_8bit_sRGB_025.png	0.27071915	0.981985033	0.981695533	34.06490252	41.69526155	42.84659407	0.586421549	0.995903909	0.140923306	0.978037953	86.508282	30.97951354	None	0.847799	0.847799	510.519508	510.519508
VVC_00026_TE_1784x1296_8bit_sRGB_050.png	0.502300974	0.991554081	0.991461396	37.4004327	43.88122405	44.69231526	0.69052428	0.998560011	0.097415484	0.990546465	92.809357	34.95510046	None	0.983218	0.983218	694.915707	694.915707
VVC_00026_TE_1784x1296_8bit_sRGB_075.png	0.782331285	0.995273888	0.995235384	40.09099171	45.68770115	46.25888429	0.763918042	0.999379277	0.072385281	0.995170295	95.180433	38.20957743	None	1.087869	1.087869	923.506998	923.506998
VVC_00027_TE_3680x2456_8bit_sRGB_006.png	0.060421682	0.812365472	0.806498349	18.74760137	27.4687541	35.70624337	0.127563924	0.972219944	0.571480513	0.749811888	11.944422	15.12440347	None	2.103815	2.103815	847.675731	847.675731
VVC_00027_TE_3680x2456_8bit_sRGB_012.png	0.129391198	0.886036694	0.8826105	20.1082145	28.53245957	36.42388687	0.184722006	0.984107614	0.469218463	0.856320083	28.193862	17.33856056	None	2.240078	2.240078	1251.503925	1251.503925
VVC_00027_TE_3680x2456_8bit_sRGB_025.png	0.254169912	0.9340927	0.932179689	21.8931824	29.76603739	37.1881588	0.253089309	0.991190255	0.374266833	0.919969916	45.237706	19.97145798	None	2.653871	2.653871	3108.759976	3108.759976
VVC_00027_TE_3680x2456_8bit_sRGB_050.png	0.53134471	0.969004035	0.968168616	24.80989661	31.58693117	38.27264713	0.355713069	0.996046543	0.268473536	0.963266611	64.737689	23.73626797	None	1.861278	1.861278	1734.016014	1734.016014
VVC_00027_TE_3680x2456_8bit_sRGB_075.png	0.822674727	0.982094646	0.98164171	27.25220971	33.11716969	39.197144	0.436162204	0.997885585	0.205811322	0.979177415	75.854042	26.60265457	None	3.660452	3.660452	4478.362752	4478.362752
VVC_00028_TE_800x1200_8bit_sRGB_006.png	0.060008333	0.953944743	0.951806664	31.35986969	40.40088356	37.43453341	0.359320402	0.95346725	0.209762558	0.92885834	69.224652	27.29560218	None	0.326208	0.326208	65.702977	65.702977
VVC_00028_TE_800x1200_8bit_sRGB_012.png	0.127691667	0.974586844	0.973867714	34.39885959	42.69666883	40.870437	0.462509274	0.97744292	0.153093949	0.963810861	82.392079	30.9891201	None	0.359675	0.359675	129.231721	129.231721
VVC_00028_TE_800x1200_8bit_sRGB_025.png	0.243933333	0.985696554	0.985448599	37.10204138	44.55088941	43.69894987	0.558823347	0.990490615	0.112965882	0.982327521	90.489663	34.54695747	None	0.395408	0.395408	199.632469	199.632469
VVC_00028_TE_800x1200_8bit_sRGB_050.png	0.513333333	0.991802156	0.991732955	40.35020219	46.87215843	46.67039406	0.664813995	0.996320248	0.08068341	0.992048919	94.774751	38.57432184	None	0.457353	0.457353	294.768415	294.768415
VVC_00028_TE_800x1200_8bit_sRGB_075.png	0.737625	0.993776321	0.993737757	41.96440958	48.11741733	48.14810854	0.718067586	0.997797906	0.068155721	0.9947173	95.925875	40.52040108	None	0.690113	0.690113	370.830772	370.830772
VVC_00029_TE_976x1472_8bit_sRGB_006.png	0.063463337	0.960487604	0.956358314	28.78333802	36.56043281	32.47617883	0.454594791	0.957719505	0.235591054	0.951819062	58.436562	25.072912	None	0.434648	0.434648	110.105692	110.105692
VVC_00029_TE_976x1472_8bit_sRGB_012.png	0.131203225	0.983225107	0.982111454	32.59711973	39.49167498	35.51944019	0.572458684	0.983528078	0.153960615	0.980865002	75.299974	29.43085194	None	0.499932	0.499932	212.592607	212.592607
VVC_00029_TE_976x1472_8bit_sRGB_025.png	0.268943781	0.99269557	0.992433488	36.45664064	42.18868414	38.68812593	0.676517546	0.994152248	0.100965142	0.992600083	87.350636	33.93181412	None	0.575037	0.575037	364.278811	364.278811
VVC_00029_TE_976x1472_8bit_sRGB_050.png	0.518726613	0.996368885	0.996309876	40.09225961	44.56298944	41.83900231	0.76384306	0.99810183	0.069154367	0.996839643	93.779263	38.31828541	None	0.788298	0.788298	497.651376	497.651376
VVC_00029_TE_976x1472_8bit_sRGB_075.png	0.806792365	0.997519493	0.997496784	42.25326653	46.23441661	44.20507753	0.812616229	0.999115407	0.055312555	0.998066485	95.612668	41.08650683	None	0.73471	0.73471	625.333337	625.333337
VVC_00030_TE_560x888_8bit_sRGB_006.png	0.057239382	0.915949821	0.915105939	28.61860271	38.55227328	40.04091369	0.305850625	0.920219719	0.289751828	0.863810837	50.482698	24.68611539	None	0.226814	0.226814	32.542821	32.542821
VVC_00030_TE_560x888_8bit_sRGB_012.png	0.112596525	0.951879859	0.951504171	30.55965111	40.37944746	41.51666738	0.384835571	0.953873456	0.227368757	0.926254988	65.792808	27.40081961	None	0.235075	0.235075	62.507309	62.507309
VVC_00030_TE_560x888_8bit_sRGB_025.png	0.242969755	0.977376223	0.977257311	33.31846306	42.74372935	43.71421488	0.4874295	0.977639079	0.160987318	0.967929304	80.847395	31.21032554	None	0.267347	0.267347	113.591742	113.591742
VVC_00030_TE_560x888_8bit_sRGB_050.png	0.54210103	0.99040401	0.990374029	36.72351624	45.41065704	45.99827627	0.60306561	0.99130863	0.107353322	0.988168418	90.692459	35.94302832	None	0.290004	0.290004	179.060878	179.060878
VVC_00030_TE_560x888_8bit_sRGB_075.png	0.796605534	0.993402004	0.993386447	38.48984507	46.81287987	47.34441607	0.661509454	0.994463801	0.087984167	0.992637098	93.29567	38.23351187	None	0.310306	0.310306	224.043181	224.043181
VVC_00031_TE_1752x1856_8bit_sRGB_006.png	0.064512478	0.958936751	0.958056331	33.73486023	39.71017331	38.65874325	0.374866396	0.991872191	0.184240475	0.923265994	67.927363	29.68294404	None	0.773584	0.773584	242.474841	242.474841
VVC_00031_TE_1752x1856_8bit_sRGB_012.png	0.123878129	0.975037932	0.974598765	35.76012461	40.61970651	39.50372267	0.462577879	0.996140838	0.144682035	0.956302345	79.425509	32.28249854	None	1.023975	1.023975	470.549181	470.549181
VVC_00031_TE_1752x1856_8bit_sRGB_025.png	0.234205243	0.985676527	0.985478759	37.94009408	41.12459074	40.10301973	0.553407729	0.998289168	0.110800952	0.977009177	87.408519	35.14245989	None	1.007217	1.007217	771.245973	771.245973
VVC_00031_TE_1752x1856_8bit_sRGB_050.png	0.540997481	0.993265569	0.993197441	40.89646463	42.19763955	41.29633525	0.667167366	0.999417245	0.077191763	0.990552425	92.899194	39.08119545	None	1.197589	1.197589	1353.674909	1353.674909
VVC_00031_TE_1752x1856_8bit_sRGB_075.png	0.776600142	0.995057166	0.995008171	42.14478171	42.90846788	42.1055073	0.711830616	0.999627292	0.066503115	0.99360168	94.099076	40.72513059	None	1.262237	1.262237	2468.252411	2468.252411
VVC_00032_TE_7680x5120_8bit_sRGB_006.png	0.05482076	0.823863029	0.819153428	23.73023257	31.74551224	33.4977513	0.166738003	0.99353236	0.440782934	0.764425278	25.928151	19.01155583	None	8.284866	8.284866	1725.347299	1725.347299
VVC_00032_TE_7680x5120_8bit_sRGB_012.png	0.130696411	0.898822606	0.896658242	26.12029538	32.84025649	34.06390873	0.25592345	0.997271419	0.336073399	0.873060107	46.128537	21.84638481	None	9.196356	9.196356	3532.053144	3532.053144
VVC_00032_TE_7680x5120_8bit_sRGB_025.png	0.25837972	0.94419384	0.943234086	28.91349869	34.16563567	34.75568197	0.362182021	0.998822749	0.247266695	0.934379935	64.537662	25.0362915	None	10.050928	10.050928	5678.837875	5678.837875
VVC_00032_TE_7680x5120_8bit_sRGB_050.png	0.464858195	0.969980419	0.969575167	31.89186053	36.04247996	36.13403359	0.475984067	0.999510944	0.177703574	0.967153251	78.173571	28.41999125	None	11.372255	11.372255	8311.891996	8311.891996
VVC_00032_TE_7680x5120_8bit_sRGB_075.png	0.79181661	0.984728694	0.984558702	34.93322695	38.33926141	38.39479111	0.589363992	0.999806166	0.125249013	0.984482348	86.766609	31.95596513	None	12.29372	12.29372	10824.43311	10824.43311
VVC_00033_TE_2120x1608_8bit_sRGB_006.png	0.05937764	0.934241593	0.932824552	29.19653917	36.13334883	37.56041173	0.347774625	0.976679146	0.262809187	0.892847955	57.33203	24.89969929	None	0.871831	0.871831	208.887803	208.887803
VVC_00033_TE_2120x1608_8bit_sRGB_012.png	0.119128415	0.962654054	0.962174058	31.92335294	38.22983991	39.66358282	0.443820953	0.99067384	0.196677729	0.942043185	73.6326	28.18380218	None	1.125451	1.125451	413.75811	413.75811
VVC_00033_TE_2120x1608_8bit_sRGB_025.png	0.259182859	0.981248319	0.981117249	35.25479785	41.2155833	42.40349518	0.558910668	0.997019112	0.137022957	0.974571586	86.994708	32.37064128	None	1.296385	1.296385	801.675408	801.675408
VVC_00033_TE_2120x1608_8bit_sRGB_050.png	0.532298414	0.990157843	0.990119994	38.38449366	44.12941815	44.86765857	0.662618756	0.999132454	0.09646377	0.988867998	93.713108	36.53610421	None	1.485286	1.485286	1199.0268	1199.0268
VVC_00033_TE_2120x1608_8bit_sRGB_075.png	0.769386558	0.993313432	0.99329263	39.94076115	45.64900391	46.21208274	0.712727845	0.999539912	0.079914279	0.993037343	95.347203	38.79479499	None	1.483152	1.483152	2369.818167	2369.818167
VVC_00034_TE_1072x928_8bit_sRGB_006.png	0.05754632	0.907206833	0.905355632	25.93361897	38.91007551	37.78256216	0.26450026	0.953742981	0.331154943	0.841471493	43.462492	22.5554143	None	0.346688	0.346688	66.592263	66.592263
VVC_00034_TE_1072x928_8bit_sRGB_012.png	0.124887416	0.943841755	0.943002045	28.19949571	40.62114369	39.46292699	0.344451576	0.974456251	0.256436676	0.90929842	59.999562	25.53688392	None	0.349155	0.349155	109.582349	109.582349
VVC_00034_TE_1072x928_8bit_sRGB_025.png	0.241314977	0.967027187	0.966667116	30.94092013	41.9363008	41.01983145	0.435095936	0.98592788	0.19328393	0.950380623	74.089989	28.71536029	None	0.384304	0.384304	163.810477	163.810477
VVC_00034_TE_1072x928_8bit_sRGB_050.png	0.512979285	0.985563159	0.985467136	35.34359661	43.9662246	42.96523165	0.576839507	0.995180428	0.122880585	0.981036365	88.029809	33.58460234	None	0.448976	0.448976	261.917674	261.917674
VVC_00034_TE_1072x928_8bit_sRGB_075.png	0.7780092	0.991793871	0.991755128	38.33277897	45.22504856	44.2129911	0.668564618	0.99771136	0.090435944	0.990314066	92.66957	36.82040275	None	0.486152	0.486152	335.69403	335.69403
VVC_00035_TE_877x1658_8bit_sRGB_006.png	0.061273697	0.915034056	0.909817874	23.26455946	32.1924995	33.23621556	0.224111378	0.904114962	0.374285847	0.858292758	34.898143	19.87750061	None	0.432475	0.432475	102.104727	102.104727
VVC_00035_TE_877x1658_8bit_sRGB_012.png	0.128544371	0.954758346	0.952264071	25.91371726	33.99841982	35.04161985	0.317642927	0.946763039	0.277653307	0.925973594	52.507836	23.13373578	None	0.582986	0.582986	188.365498	188.365498
VVC_00035_TE_877x1658_8bit_sRGB_025.png	0.263910992	0.979653835	0.978788793	29.46315798	36.26590873	37.275613	0.438148052	0.97637248	0.187743947	0.96732825	72.006053	27.36039873	None	0.55037	0.55037	289.764557	289.764557
VVC_00035_TE_877x1658_8bit_sRGB_050.png	0.539089697	0.992266357	0.991995811	34.08830203	39.19448153	40.10989061	0.582106233	0.991979837	0.114164881	0.988081038	86.711051	32.61320929	None	0.650381	0.650381	443.10197	443.10197
VVC_00035_TE_877x1658_8bit_sRGB_075.png	0.812326263	0.99578166	0.995665789	37.205923	41.12832218	41.83727307	0.671360493	0.996239185	0.082389519	0.993990839	91.922141	36.07634375	None	0.804056	0.804056	516.727035	516.727035
VVC_00036_TE_998x1675_8bit_sRGB_006.png	0.060046062	0.83931911	0.83443743	25.51593713	38.27435042	39.6126966	0.179277375	0.927456558	0.377428502	0.797168911	34.225994	21.17213474	None	0.483888	0.483888	116.617026	116.617026
VVC_00036_TE_998x1675_8bit_sRGB_012.png	0.13186971	0.90937829	0.90700537	27.78792508	39.29871317	40.40863429	0.274874687	0.962435424	0.29005003	0.893049121	52.74675	24.07085441	None	0.530551	0.530551	213.841118	213.841118
VVC_00036_TE_998x1675_8bit_sRGB_025.png	0.251507193	0.951850295	0.950794041	30.30805543	40.38073159	41.17556988	0.381952196	0.98214221	0.216622218	0.946480989	69.259545	27.2852375	None	0.594782	0.594782	352.966695	352.966695
VVC_00036_TE_998x1675_8bit_sRGB_050.png	0.505469446	0.979623318	0.979253292	33.70879492	42.2507175	42.67248827	0.518713295	0.993593097	0.146179661	0.97889924	83.388501	31.58039714	None	0.721013	0.721013	571.159387	571.159387
VVC_00036_TE_998x1675_8bit_sRGB_075.png	0.735512817	0.988017619	0.987837195	35.87723171	43.59169591	43.94036479	0.598786414	0.996610045	0.114142008	0.988173902	88.688426	34.23256372	None	0.777387	0.777387	681.549212	681.549212
VVC_00037_TE_5616x3744_8bit_sRGB_006.png	0.063225948	0.954663396	0.953023612	33.77813921	42.85635929	44.78451763	0.401123047	0.997498512	0.184696093	0.92506218	73.341262	29.19701797	None	4.325343	4.325343	923.193145	923.193145
VVC_00037_TE_5616x3744_8bit_sRGB_012.png	0.122230897	0.975024402	0.974448383	36.48234622	45.06249296	46.38112468	0.507184088	0.999095857	0.135783568	0.962150574	84.91241	32.46582468	None	2.891756	2.891756	1139.186943	1139.186943
VVC_00037_TE_5616x3744_8bit_sRGB_025.png	0.258286763	0.989096224	0.988924563	39.71242419	47.43995064	47.99243948	0.631717265	0.999739528	0.091677539	0.986061931	92.488734	36.70311816	None	3.628412	3.628412	4365.095816	4365.095816
VVC_00037_TE_5616x3744_8bit_sRGB_050.png	0.485442996	0.994506419	0.99444443	42.47007106	49.36721144	49.65335771	0.728882253	0.999911368	0.065946653	0.993992984	95.420535	40.35658525	None	3.717393	3.717393	3016.567715	3016.567715
VVC_00037_TE_5616x3744_8bit_sRGB_075.png	0.819647999	0.996992767	0.996965528	45.03492472	50.99722949	51.29499951	0.808699965	0.999964595	0.048981663	0.997118115	96.439713	43.54422905	None	4.226193	4.226193	6598.809861	6598.809861
VVC_00038_TE_8160x6120_8bit_sRGB_006.png	0.061018839	0.920329809	0.919019938	31.33476509	37.92746863	37.98961672	0.310416996	0.998921275	0.256375939	0.882153511	46.518769	26.27283302	None	11.391549	11.391549	1979.107548	1979.107548
VVC_00038_TE_8160x6120_8bit_sRGB_012.png	0.125956683	0.957400978	0.956984937	33.51770571	39.44801631	39.3131721	0.41815725	0.999656916	0.191511109	0.941684604	67.676491	29.27362047	None	13.111013	13.111013	4885.705118	4885.705118
VVC_00038_TE_8160x6120_8bit_sRGB_025.png	0.254099705	0.97726655	0.977134049	35.47022308	41.16261081	40.81718695	0.514984369	0.999893069	0.143184066	0.972026825	81.992969	32.47112391	None	15.013434	15.013434	9615.999438	9615.999438
VVC_00038_TE_8160x6120_8bit_sRGB_050.png	0.481584647	0.986684918	0.986630738	37.16391615	42.3601683	42.07169939	0.590045214	0.99995786	0.111718059	0.985129178	88.38992	35.38489775	None	16.759584	16.759584	14518.82044	14518.82044
VVC_00038_TE_8160x6120_8bit_sRGB_075.png	0.705966776	0.990668297	0.990634799	38.39528295	43.10778314	42.84339506	0.639313281	0.999974668	0.095056772	0.989985228	90.705035	37.23469775	None	18.867265	18.867265	18725.18412	18725.18412
VVC_00039_TE_5464x3640_8bit_sRGB_006.png	0.05746585	0.896220565	0.890752673	27.83117182	38.04349712	39.1045128	0.254043967	0.991122544	0.314464182	0.843549371	43.832818	22.93798229	None	4.263482	4.263482	2014.945243	2014.945243
VVC_00039_TE_5464x3640_8bit_sRGB_012.png	0.1135086	0.937834859	0.935223401	30.08840624	39.11351656	40.24360631	0.342879295	0.996138692	0.24275364	0.911129594	60.898801	25.68609063	None	2.674819	2.674819	1087.402971	1087.402971
VVC_00039_TE_5464x3640_8bit_sRGB_025.png	0.246193265	0.969124973	0.968160689	33.21384297	40.99933399	42.17307782	0.466679513	0.99871558	0.169845462	0.959578753	78.394862	29.39393863	None	3.455442	3.455442	4344.982794	4344.982794
VVC_00039_TE_5464x3640_8bit_sRGB_050.png	0.529395604	0.986005247	0.985683322	37.56565369	43.53993056	44.4061575	0.625776529	0.999618649	0.108046316	0.98407805	89.413495	33.68698857	None	3.680532	3.680532	2337.235477	2337.235477
VVC_00039_TE_5464x3640_8bit_sRGB_075.png	0.811437501	0.993279457	0.993148267	41.44774084	45.93728592	46.64685409	0.756338298	0.999854267	0.071084365	0.993303716	93.34196	37.37427103	None	4.27553	4.27553	5596.771538	5596.771538
VVC_00040_TE_7394x4932_8bit_sRGB_006.png	0.063772582	0.942904115	0.940435767	29.15539277	35.4106172	35.55356161	0.383228391	0.996444046	0.253313094	0.9195351	57.292103	24.13349262	None	8.257738	8.257738	1814.545838	1814.545838
VVC_00040_TE_7394x4932_8bit_sRGB_012.png	0.130617513	0.972516418	0.971803725	32.62672329	38.42937184	38.66311666	0.504054904	0.999031126	0.17440629	0.962922871	75.595605	28.35354934	None	9.252195	9.252195	3784.083169	3784.083169
VVC_00040_TE_7394x4932_8bit_sRGB_025.png	0.259563825	0.986008763	0.985806048	35.69659445	41.6321776	41.74117638	0.609295011	0.999742508	0.123353221	0.982557356	87.80922	32.52096536	None	11.036978	11.036978	6718.127374	6718.127374
VVC_00040_TE_7394x4932_8bit_sRGB_050.png	0.487481904	0.991570413	0.991499484	38.04392248	45.12272578	45.11407704	0.68471539	0.999920011	0.094055332	0.990480185	93.185661	35.94481951	None	11.94191	11.94191	9127.274581	9127.274581
VVC_00040_TE_7394x4932_8bit_sRGB_075.png	0.817183701	0.994874537	0.994845986	40.52175321	47.84926072	47.92716845	0.756438553	0.999969363	0.071378686	0.994854689	95.307096	39.04582851	None	7.183031	7.183031	8199.176477	8199.176477
VVC_00041_TE_3374x5055_8bit_sRGB_006.png	0.063876376	0.857288957	0.852796018	25.08447897	35.02227778	34.53464609	0.249847665	0.988933384	0.385452151	0.84366262	52.050505	20.58212081	None	3.964683	3.964683	2170.272307	2170.272307
VVC_00041_TE_3374x5055_8bit_sRGB_012.png	0.11884915	0.900984764	0.898921669	26.66345815	36.77618516	36.4771632	0.312284261	0.995094895	0.316540182	0.898268282	64.607345	22.74766897	None	2.506906	2.506906	1210.3845	1210.3845
VVC_00041_TE_3374x5055_8bit_sRGB_025.png	0.240536552	0.938284755	0.937434554	28.64944325	38.46900294	38.31637852	0.38886404	0.998009205	0.248263955	0.941462815	76.674008	25.36020104	None	3.025653	3.025653	4362.443449	4362.443449
VVC_00041_TE_3374x5055_8bit_sRGB_050.png	0.494708063	0.967009664	0.966674387	31.56439301	40.11882512	40.09401703	0.494339764	0.999224186	0.17935653	0.971192241	86.237459	28.6191728	None	3.203331	3.203331	2834.5546	2834.5546
VVC_00041_TE_3374x5055_8bit_sRGB_075.png	0.82421637	0.983726025	0.98357892	34.91984015	41.65623213	41.70901383	0.613084316	0.999638557	0.125242755	0.986058474	90.932639	31.67766919	None	3.710421	3.710421	5090.675075	5090.675075
VVC_00042_TE_2787x4004_8bit_sRGB_006.png	0.055329672	0.894335091	0.890695274	29.42265992	40.86257747	40.66952855	0.265160203	0.991645753	0.291736722	0.852008581	52.228643	24.33003563	None	1.781087	1.781087	591.859776	591.859776
VVC_00042_TE_2787x4004_8bit_sRGB_012.png	0.116798164	0.945442915	0.943840981	31.76814353	42.35078254	41.99042277	0.372563571	0.996156454	0.217430577	0.927079678	66.933853	27.22093891	None	2.670592	2.670592	2059.675348	2059.675348
VVC_00042_TE_2787x4004_8bit_sRGB_025.png	0.245347046	0.976440668	0.975900769	34.90106738	44.4120166	44.28383377	0.507567227	0.998626113	0.147039622	0.970766246	81.190373	31.23021474	None	1.78071	1.78071	1125.124193	1125.124193
VVC_00042_TE_2787x4004_8bit_sRGB_050.png	0.518340648	0.991171658	0.991025865	38.8173335	46.48262067	46.50323107	0.657606006	0.99958384	0.091171168	0.990151167	90.548187	36.32111663	None	2.489243	2.489243	3839.093662	3839.093662
VVC_00042_TE_2787x4004_8bit_sRGB_075.png	0.744126344	0.994581521	0.994506836	40.79579346	48.04333368	48.10866441	0.725536168	0.999790609	0.071721599	0.994277537	93.007825	38.89958727	None	2.065048	2.065048	2709.87533	2709.87533
VVC_00043_TE_945x840_8bit_sRGB_006.png	0.060377929	0.976216495	0.975577831	34.78492552	40.98513941	44.30774058	0.440397173	0.97546792	0.151652649	0.936178684	71.646765	31.02319756	None	0.293003	0.293003	56.207908	56.207908
VVC_00043_TE_945x840_8bit_sRGB_012.png	0.124464601	0.986685157	0.986436844	37.40345973	43.20905832	46.75315022	0.534748554	0.989381969	0.112892926	0.968740106	83.791975	34.34690173	None	0.30045	0.30045	97.403547	97.403547
VVC_00043_TE_945x840_8bit_sRGB_025.png	0.246792643	0.992919147	0.992815912	40.41311093	45.38056145	48.6887037	0.632993937	0.995384693	0.081265546	0.986284435	90.725397	38.06255434	None	0.44926	0.44926	996.043257	996.043257
VVC_00043_TE_945x840_8bit_sRGB_050.png	0.520947342	0.996773183	0.996729732	44.29497246	48.24767121	50.803602	0.751811266	0.998472631	0.053673405	0.99536258	94.870661	42.68931388	None	0.366921	0.366921	230.241748	230.241748
VVC_00043_TE_945x840_8bit_sRGB_075.png	0.808556311	0.997874439	0.99785167	46.61296157	50.35795996	52.20104257	0.817773044	0.999190092	0.042376667	0.997631013	96.002816	45.43801704	None	0.396506	0.396506	1144.94253	1144.94253
VVC_00044_TE_1430x1834_8bit_sRGB_006.png	0.065119613	0.896326602	0.893258274	28.7685754	41.07878674	40.77662034	0.260087818	0.978935897	0.292205244	0.850408494	54.393879	24.62869391	None	0.67901	0.67901	190.041174	190.041174
VVC_00044_TE_1430x1834_8bit_sRGB_012.png	0.111049256	0.926223278	0.924447834	30.23087553	42.04996509	41.72603289	0.318883836	0.987148762	0.2453271	0.898349285	63.831884	26.43811442	None	0.721495	0.721495	278.370738	278.370738
VVC_00044_TE_1430x1834_8bit_sRGB_025.png	0.250692819	0.964885533	0.964296699	32.9997141	43.92775716	43.88551784	0.438806832	0.994885325	0.171738744	0.956634998	79.161455	30.11568343	None	0.820447	0.820447	485.366103	485.366103
VVC_00044_TE_1430x1834_8bit_sRGB_050.png	0.508505235	0.983635664	0.98344028	36.01359891	45.22030426	45.31499624	0.559403181	0.998006999	0.118580602	0.982072353	88.99777	34.03623389	None	0.898793	0.898793	1559.144949	1559.144949
VVC_00044_TE_1430x1834_8bit_sRGB_075.png	0.750336686	0.989867151	0.989770412	37.93226014	46.14401254	46.41812363	0.630889356	0.998945653	0.094065629	0.989769042	92.319985	36.49166181	None	0.969407	0.969407	1793.794548	1793.794548
VVC_00045_TE_2533x1897_8bit_sRGB_006.png	0.060657206	0.937932968	0.936122596	30.40600711	37.05658408	37.67707609	0.346635371	0.984084666	0.24584198	0.899387777	55.670043	25.71666276	None	1.265027	1.265027	295.502878	295.502878
VVC_00045_TE_2533x1897_8bit_sRGB_012.png	0.118469102	0.964308321	0.963645577	32.99755128	39.22841519	40.0186744	0.441759706	0.993716598	0.184897527	0.945680082	72.951485	28.96757461	None	1.256446	1.256446	552.955315	552.955315
VVC_00045_TE_2533x1897_8bit_sRGB_025.png	0.25743309	0.980839014	0.980654716	35.94351952	42.09915113	42.83681669	0.548942924	0.998112619	0.132020175	0.974941134	86.924937	32.92500009	None	1.631551	1.631551	1118.538811	1118.538811
VVC_00045_TE_2533x1897_8bit_sRGB_050.png	0.520103948	0.988114893	0.988055944	38.19128335	45.61787398	46.14372948	0.62911284	0.999366283	0.100426696	0.987103164	92.809593	36.15393295	None	1.736935	1.736935	1071.582265	1071.582265
VVC_00045_TE_2533x1897_8bit_sRGB_075.png	0.777157442	0.991466582	0.991437197	39.77366178	47.66473727	48.08546314	0.685138166	0.999677956	0.082950354	0.991844058	94.679983	38.27741932	None	2.004701	2.004701	1594.744583	1594.744583
VVC_00046_TE_2816x1878_8bit_sRGB_006.png	0.060347384	0.933675468	0.932098031	30.19551051	44.53040939	43.82073486	0.304913461	0.988959312	0.241227269	0.919957101	72.278565	27.6081339	None	1.081165	1.081165	397.953536	397.953536
VVC_00046_TE_2816x1878_8bit_sRGB_012.png	0.117238176	0.950607479	0.949956417	31.45605574	46.58599301	46.11149431	0.360514641	0.995514095	0.202088997	0.947791696	83.772483	29.90252436	None	1.332984	1.332984	818.015903	818.015903
VVC_00046_TE_2816x1878_8bit_sRGB_025.png	0.271069319	0.965009034	0.964709938	32.86321526	48.06817386	47.61206251	0.419475764	0.997934282	0.168771431	0.965702474	90.183553	32.08723358	None	1.127374	1.127374	853.904882	853.904882
VVC_00046_TE_2816x1878_8bit_sRGB_050.png	0.462744457	0.975032151	0.974834561	34.25550448	48.66309728	48.24059945	0.473594874	0.998664796	0.144649625	0.975981116	92.226309	33.72801796	None	1.711958	1.711958	1567.474198	1567.474198
VVC_00046_TE_2816x1878_8bit_sRGB_075.png	0.706501416	0.982707024	0.982572198	35.84568161	49.26583085	48.84916482	0.537028909	0.999145746	0.121287435	0.983731568	93.71016	35.46723387	None	1.661243	1.661243	2010.712354	2010.712354
VVC_00047_TE_2500x1875_8bit_sRGB_006.png	0.06371328	0.795159042	0.791155577	16.73293805	31.20461802	31.08553135	0.136035413	0.96171236	0.648493469	0.759191751	12.490603	12.78013521	None	1.206869	1.206869	358.801215	358.801215
VVC_00047_TE_2500x1875_8bit_sRGB_012.png	0.126482773	0.876703262	0.874401748	18.07394232	32.00987224	31.76748711	0.191595823	0.975963295	0.531523705	0.864242017	26.863431	14.90732468	None	1.246297	1.246297	587.602614	587.602614
VVC_00047_TE_2500x1875_8bit_sRGB_025.png	0.235748693	0.928760588	0.927513182	19.71661683	32.94426978	32.5120218	0.255005151	0.984310925	0.425330758	0.925902784	42.066438	17.45995164	None	1.395063	1.395063	999.580902	999.580902
VVC_00047_TE_2500x1875_8bit_sRGB_050.png	0.492811947	0.966846406	0.966308773	22.47345426	34.02064522	33.27609136	0.351725549	0.991897464	0.305783659	0.967215836	61.096618	21.2229065	None	0.984706	0.984706	1038.128516	1038.128516
VVC_00047_TE_2500x1875_8bit_sRGB_075.png	0.778907307	0.981194556	0.980909288	24.9075521	34.8028421	33.83023464	0.429462582	0.995212793	0.233978987	0.981994331	72.496678	24.08641505	None	1.180022	1.180022	1575.089723	1575.089723
VVC_00048_TE_2500x1667_8bit_sRGB_006.png	0.062529574	0.883497596	0.881643593	25.30920525	37.19629597	39.78881119	0.235465124	0.981966496	0.369976163	0.859626174	52.036342	22.7329589	None	0.686207	0.686207	187.437997	187.437997
VVC_00048_TE_2500x1667_8bit_sRGB_012.png	0.126103419	0.914361358	0.913713455	26.45639113	38.73004965	41.41873881	0.291669041	0.99260664	0.308411211	0.904511631	69.197029	25.03292803	None	0.772902	0.772902	778.503885	778.503885
VVC_00048_TE_2500x1667_8bit_sRGB_025.png	0.243860348	0.936184287	0.935868204	27.37869139	39.69412484	42.44660849	0.335030228	0.995984674	0.267996132	0.931702077	78.294692	26.75396908	None	0.939278	0.939278	696.485375	696.485375
VVC_00048_TE_2500x1667_8bit_sRGB_050.png	0.46929814	0.956536591	0.956333399	28.82536747	40.46346375	43.09797381	0.388741523	0.997391343	0.227057457	0.954779923	83.298005	28.54461247	None	0.937308	0.937308	1297.939564	1297.939564
VVC_00048_TE_2500x1667_8bit_sRGB_075.png	0.768414637	0.972425461	0.972300828	30.61472409	41.07322523	43.70669386	0.454650879	0.998329699	0.185594186	0.971766472	87.579637	30.52446743	None	1.025704	1.025704	1473.080672	1473.080672
VVC_00049_TE_5566x3569_8bit_sRGB_006.png	0.064893053	0.884408236	0.88122946	24.94905651	34.93868651	33.91430638	0.235687628	0.990720272	0.382978827	0.838752806	39.231535	19.95597953	None	2.785282	2.785282	900.086185	900.086185
VVC_00049_TE_5566x3569_8bit_sRGB_012.png	0.119008587	0.933906496	0.932514369	27.15528498	36.57743582	34.69838951	0.323601663	0.995943367	0.293818593	0.909478247	56.014398	22.73285243	None	2.64273	2.64273	1049.411846	1049.411846
VVC_00049_TE_5566x3569_8bit_sRGB_025.png	0.274172323	0.973165572	0.972760797	30.58116575	39.03238518	36.77309158	0.460138798	0.998858154	0.192804575	0.964837492	77.608501	27.30794504	None	3.134712	3.134712	2811.454048	2811.454048
VVC_00049_TE_5566x3569_8bit_sRGB_050.png	0.52669658	0.987505376	0.987362325	33.55679543	41.19920324	39.5282718	0.568149447	0.999616981	0.134219512	0.984730065	88.32567	31.45305229	None	3.602732	3.602732	3298.740409	3298.740409
VVC_00049_TE_5566x3569_8bit_sRGB_075.png	0.768616083	0.992010117	0.991927981	35.49787169	42.40583496	41.00422786	0.631521285	0.999795139	0.107514918	0.990803599	92.209811	34.08894212	None	4.01398	4.01398	4621.677434	4621.677434
VVC_00050_TE_3976x2652_8bit_sRGB_006.png	0.060529087	0.898610711	0.894113302	28.0836567	37.12094323	37.05000557	0.213591844	0.986290216	0.296367049	0.835602105	47.149037	24.39665648	None	1.382874	1.382874	401.153861	401.153861
VVC_00050_TE_3976x2652_8bit_sRGB_012.png	0.128983554	0.942001879	0.939965129	30.25017477	38.91278607	38.69699292	0.306340456	0.993991017	0.228933737	0.912049949	63.580796	27.16813941	None	2.348352	2.348352	1254.631512	1254.631512
VVC_00050_TE_3976x2652_8bit_sRGB_025.png	0.247122251	0.968323231	0.967455447	32.70732088	40.81841958	40.45416159	0.407147557	0.997472644	0.171935752	0.955453157	77.09639	30.24099804	None	1.653135	1.653135	1034.940194	1034.940194
VVC_00050_TE_3976x2652_8bit_sRGB_050.png	0.492560188	0.985706866	0.9854123	36.06224562	42.98081536	42.61619059	0.536415577	0.999123752	0.117260724	0.982060313	87.88813	34.38278057	None	1.880492	1.880492	2136.8209	2136.8209
VVC_00050_TE_3976x2652_8bit_sRGB_075.png	0.801169764	0.992391765	0.992266119	38.87801115	44.68421648	44.39229888	0.6367836	0.999636531	0.085873693	0.991474688	92.609179	37.79456643	None	2.014336	2.014336	2300.731801	2300.731801
